H     0
S   1   1.00
      1.283000E+00           1.000000E+00
S   1   1.00
      4.655000E-01           1.000000E+00
S   8   1.00
      4.020000E+02           2.790000E-04
      6.024000E+01           2.165000E-03
      1.373000E+01           1.120100E-02
      3.905000E+00           4.487800E-02
      1.283000E+00           1.422990E-01
      4.655000E-01           3.309790E-01
      1.811000E-01           4.362690E-01
      7.279000E-02           1.764400E-01
S   1   1.00
      1.811000E-01           1.000000E+00
S   1   1.00
      7.279000E-02           1.000000E+00
P   1   1.00
      4.516000E+00           1.000000E+00
P   1   1.00
      1.712000E+00           1.000000E+00
P   1   1.00
      6.490000E-01           1.000000E+00
P   1   1.00
      2.460000E-01           1.000000E+00
D   1   1.00
      2.950000E+00           1.000000E+00
D   1   1.00
      1.206000E+00           1.000000E+00
D   1   1.00
      4.930000E-01           1.000000E+00
F   1   1.00
      2.506000E+00           1.000000E+00
F   1   1.00
      8.750000E-01           1.000000E+00
G   1   1.00
      2.358000E+00           1.0000000
