Li     0
S   14   1.00
      2.949300E+04           1.800000E-05
      4.417101E+03           1.410000E-04
      1.005223E+03           7.390000E-04
      2.847009E+02           3.107000E-03
      9.286543E+01           1.113500E-02
      3.351179E+01           3.467000E-02
      1.304180E+01           9.217100E-02
      5.357536E+00           1.995760E-01
      2.279338E+00           3.288360E-01
      9.939900E-01           3.459750E-01
      4.334710E-01           1.427610E-01
      9.556600E-02           5.319000E-03
      4.465700E-02          -2.101000E-03
      2.063300E-02           8.150000E-04
S   1   1.00
      4.334710E-01           1.000000E+00
S   1   1.00
      9.556600E-02           1.000000E+00
S   1   1.00
      4.465700E-02           1.000000E+00
S   14   1.00
      2.949300E+04          -3.000000E-06
      4.417101E+03          -2.200000E-05
      1.005223E+03          -1.150000E-04
      2.847009E+02          -4.870000E-04
      9.286543E+01          -1.746000E-03
      3.351179E+01          -5.520000E-03
      1.304180E+01          -1.492800E-02
      5.357536E+00          -3.420600E-02
      2.279338E+00          -6.215500E-02
      9.939900E-01          -9.590200E-02
      4.334710E-01          -1.039720E-01
      9.556600E-02           3.071510E-01
      4.465700E-02           5.790280E-01
      2.063300E-02           2.232310E-01
S   1   1.00
      2.063300E-02           1.000000E+00
P   1   1.00
      1.761510E-01           1.000000E+00
P   1   1.00
      7.267500E-02           1.000000E+00
P   8   1.00
      1.966350E+01           5.400000E-04
      4.623110E+00           3.865000E-03
      1.413780E+00           1.517100E-02
      4.737210E-01           4.920400E-02
      1.761510E-01           1.546610E-01
      7.267500E-02           3.600950E-01
      3.214100E-02           4.418520E-01
      1.455600E-02           1.560000E-01
P   1   1.00
      3.214100E-02           1.000000E+00
P   1   1.00
      1.455600E-02           1.000000E+00
D   1   1.00
      5.310000E-01           1.000000E+00
D   1   1.00
      2.481000E-01           1.000000E+00
D   1   1.00
      1.159000E-01           1.000000E+00
D   1   1.00
      5.420000E-02           1.000000E+00
F   1   1.00
      2.920000E-01           1.000000E+00
F   1   1.00
      1.641000E-01           1.000000E+00
F   1   1.00
      9.220000E-02           1.000000E+00
G   1   1.00
      2.971000E-01           1.000000E+00
G   1   1.00
      1.500000E-01           1.000000E+00
H   1   1.00
      2.949000E-01           1.0000000
